31 961
8 28
2 21
4 30
10 25
5 19
16 20
20 31
3 7
18 25
13 18
12 30
23 31
21 22
12 19
6 23
7 22
1 12
6 15
13 27
19 25
4 29
2 4
4 11
12 13
11 13
16 30
6 25
20 22
15 29
1 11
22 24
1 17
6 12
20 24
3 16
1 10
19 27
19 21
1 6
3 31
12 24
4 23
27 30
2 15
5 9
9 17
13 29
1 18
1 6
17 25
11 28
24 30
15 19
17 28
3 6
4 20
5 15
15 27
18 20
12 30
12 18
22 28
12 30
26 27
24 27
12 28
1 13
30 31
15 29
12 20
8 20
24 27
12 30
6 28
13 27
2 18
10 22
5 19
14 28
9 25
24 30
3 13
2 22
26 28
5 24
13 19
7 8
15 27
11 14
17 22
22 25
27 29
11 20
1 7
12 14
4 12
22 26
20 28
4 14
8 24
15 26
3 9
9 12
12 29
2 5
21 27
17 27
19 23
13 28
6 17
15 16
1 30
11 28
1 16
17 30
2 19
5 28
5 17
4 14
20 29
2 6
6 22
26 27
11 24
11 29
20 23
1 11
10 20
10 28
14 19
22 31
24 29
24 27
6 16
11 15
8 13
9 15
3 26
6 11
8 31
8 31
2 26
17 25
11 29
14 30
3 4
10 24
11 14
7 24
25 26
5 24
6 17
10 21
6 19
1 10
14 28
12 30
11 30
4 7
5 16
19 29
22 27
17 26
7 15
20 24
11 21
1 6
11 19
13 23
2 28
13 23
5 23
5 21
8 28
5 31
16 29
15 19
13 30
10 23
17 20
14 30
12 13
8 11
1 26
26 27
12 31
6 24
11 14
10 26
5 14
17 30
14 21
8 17
5 26
1 23
22 31
18 23
3 9
15 24
15 28
6 17
18 22
11 16
11 24
14 17
1 24
8 21
3 16
18 23
5 23
18 22
11 24
6 11
10 22
7 25
12 23
14 21
7 18
17 20
6 26
17 27
26 30
5 28
17 24
6 7
18 23
23 25
18 25
4 13
28 31
2 31
21 23
18 28
26 31
11 31
25 30
26 31
8 31
9 15
7 18
2 26
2 30
4 11
16 26
29 31
4 23
3 17
5 15
8 26
4 26
1 26
2 7
6 26
2 18
12 24
10 23
24 31
3 25
28 30
5 6
8 25
20 26
5 14
6 18
12 13
27 31
5 12
14 30
1 6
2 11
2 22
21 23
28 31
10 30
4 15
15 16
1 8
13 27
12 18
5 13
10 14
8 18
22 27
1 25
12 28
2 23
5 29
2 22
23 26
2 17
1 30
26 31
13 22
7 27
14 17
10 12
19 21
7 30
6 17
7 9
11 20
10 19
13 22
6 20
6 7
20 30
8 12
5 27
25 29
7 25
2 6
24 29
6 20
18 30
23 31
13 29
22 26
5 8
16 21
9 12
7 17
1 21
1 29
10 16
17 19
19 21
4 30
10 11
1 8
11 14
6 17
14 17
24 29
6 12
10 14
3 7
1 15
20 27
20 28
13 17
5 20
2 24
10 17
1 11
15 28
13 17
9 16
2 18
1 19
12 15
17 30
22 31
1 7
25 26
22 24
1 4
1 25
2 12
6 15
18 25
10 19
2 25
11 15
3 26
3 12
9 28
16 18
4 6
4 6
16 20
3 21
13 26
11 18
1 14
13 26
14 22
20 28
5 6
3 11
11 31
4 14
7 25
12 29
21 25
4 24
3 12
9 29
6 24
8 15
26 28
15 25
13 22
1 11
18 23
9 25
22 30
30 31
5 29
1 3
5 21
4 7
26 31
2 20
17 22
18 24
18 21
5 24
6 13
10 11
1 8
1 30
4 25
14 20
6 12
15 26
11 26
10 12
23 24
3 11
1 26
6 21
3 21
4 6
1 5
18 27
11 21
9 30
1 13
9 17
13 28
3 13
10 14
12 27
25 26
4 24
2 4
17 18
11 31
4 30
12 14
23 27
8 27
17 29
13 22
1 9
19 26
4 21
14 22
9 30
19 20
7 24
5 6
10 27
18 28
15 27
2 23
4 23
2 26
9 20
6 27
22 29
13 15
1 9
22 28
4 19
12 29
17 31
3 18
12 28
5 14
6 13
4 16
20 27
6 20
1 25
1 2
18 30
11 16
21 27
1 9
6 27
3 6
8 25
1 4
6 25
12 27
22 25
14 22
14 27
6 28
25 28
15 25
7 15
11 27
1 28
4 22
13 24
5 8
4 6
4 24
3 28
7 13
1 16
11 22
16 24
4 17
18 23
18 22
8 17
9 23
13 20
7 13
13 25
13 14
20 28
3 31
11 16
16 23
20 30
20 22
2 30
1 9
5 16
9 15
4 16
10 19
3 13
1 25
7 23
20 21
9 26
15 18
9 20
19 27
15 31
18 28
1 31
9 28
16 27
13 14
6 8
5 29
13 17
1 11
16 24
17 30
18 21
23 30
13 28
6 12
18 21
9 15
5 12
2 28
20 23
25 26
9 22
17 28
4 22
25 27
3 28
7 29
12 19
3 10
1 3
18 21
26 29
3 18
12 22
14 28
2 28
28 31
15 20
13 28
9 10
22 23
19 27
7 23
20 30
7 21
23 28
1 10
18 21
4 22
12 24
7 29
3 22
20 29
16 17
6 15
18 19
1 28
16 31
11 22
4 24
11 23
11 20
10 11
4 27
2 9
10 16
12 25
8 14
5 15
3 12
13 18
9 11
5 31
1 27
13 22
18 22
9 12
13 19
3 4
13 14
26 28
9 25
3 24
3 16
4 21
19 27
21 27
3 6
12 16
12 29
25 26
2 10
11 28
1 4
7 21
9 30
24 26
17 22
12 21
29 31
22 31
16 29
8 19
16 19
6 7
9 25
12 18
1 26
15 18
13 26
1 4
18 28
9 29
29 30
15 24
26 31
5 30
13 19
20 25
5 15
21 27
1 27
6 23
4 25
5 21
18 25
10 16
5 26
22 27
9 12
9 23
22 26
22 28
7 30
13 18
12 15
11 24
5 6
11 12
2 21
8 23
2 6
11 22
19 30
19 31
11 13
11 29
9 16
24 31
19 23
2 21
9 16
24 26
11 19
6 11
6 19
2 19
14 23
8 19
8 22
9 18
18 31
28 31
7 16
14 20
1 22
2 12
18 22
1 27
9 29
6 22
1 6
8 27
2 6
2 4
8 22
11 15
22 26
3 24
16 22
15 16
15 20
9 15
3 24
4 5
18 21
4 30
15 27
2 21
14 22
1 26
1 14
20 22
10 14
18 23
5 22
11 23
6 18
6 25
12 15
2 4
14 17
16 25
9 13
20 27
24 27
3 18
20 25
22 24
18 19
2 14
7 12
18 29
23 30
14 22
13 19
3 11
7 30
3 5
5 19
23 25
18 29
12 30
21 22
8 19
6 8
16 31
9 21
8 23
20 29
2 3
9 23
20 22
4 25
13 17
6 14
4 11
4 11
13 19
19 24
15 25
13 28
1 23
23 24
7 30
8 16
6 26
6 29
11 15
11 29
15 16
3 20
5 11
6 31
20 21
1 6
14 28
4 6
2 13
17 23
15 30
6 23
6 29
5 9
5 17
5 10
1 19
1 27
17 31
3 14
6 11
7 11
3 16
4 18
8 22
5 28
5 18
1 14
11 13
8 9
3 25
10 19
2 6
7 14
14 20
16 29
7 24
5 11
14 25
9 16
17 21
8 31
13 26
13 21
8 12
1 24
4 6
17 27
17 22
26 27
5 8
17 26
9 21
12 29
1 26
17 27
13 29
5 11
2 14
17 30
5 28
24 31
22 24
7 15
11 16
7 30
1 8
17 30
5 30
13 19
7 21
17 24
11 12
5 22
14 16
14 26
4 29
18 24
4 23
2 19
16 22
3 21
2 31
3 27
7 12
7 18
10 16
20 26
6 27
8 10
2 17
2 6
29 31
14 27
7 23
18 31
15 27
1 8
23 26
29 30
25 29
7 19
8 31
13 31
12 15
12 25
13 22
5 21
1 14
14 16
25 28
23 30
4 12
7 12
22 25
18 19
30 31
12 24
2 23
23 26
11 23
9 23
18 19
2 15
17 20
2 17
24 27
14 16
3 5
3 12
3 10
10 25
21 31
22 23
11 28
4 17
6 26
6 8
16 18
5 20
6 29
1 18
25 30
11 24
4 14
12 30
6 21
19 23
15 27
3 14
2 19
10 13
10 23
14 22
14 29
23 26
17 19
2 9
8 21
19 30
10 25
1 26
21 27
26 31
17 30
15 17
27 31
1 19
5 9
7 31
6 22
6 29
7 16
26 30
7 8
17 22
